0,507
0,506
0,505
59,5
59,4
59,3
59,2
59,1
59,0
0,504
0,503
0,502
58,5
58,4
58,3
58,2
0,501
58,1
58,0
0,500
0,499
0,498
0,472
57,5
57,4
57,3
57,2
57,1
57,0
56,5
56,4
56,3
56,2
56,1
56,0
0,278
45,2
45,0
55,5
55,4
55,3
55,2
0,9
55,1
55,0
54,52
54,51
54,50
54,49
54,48
54,47
54,46
54,45
54,44
54,43
54,42
54,41
54,40
54,39
54,38
54,37
54,36
54,35
52,4
45,4
53,4
51,4
52,1
52,3
45,1
45,3
53,1
53,3
51,1
51,3
10,128
10,300
10,256
10,204
10,194
10,168
10,129
10,136
10,2
10,3
9,7
8,16
8,13
8,12
8,7
8,5
20,3
20,2
20,1
19,3
19,2
19,1
12,3
12,2
12,1
11,28
11,27
11,26
11,25
11,24
11,23
11,22
11,21
11,20
11,19
11,18
11,17
11,16
11,15
11,14
11,13
11,12
11,11
